0.078544
0.082884
0.067235
0.066921
0.067424
0.066898
0.066722
0.066650
0.066599
0.067260
0.067159
0.078554
0.067462
0.067150
0.067915
0.084886
0.078190
0.067814
0.067415
0.067841
0.066808
0.066556
0.078001
0.066878
0.083756
0.066797
0.067121
0.078509
0.078327
0.078214
0.077662
0.066904
0.066922
0.067330
0.078119
0.067713
0.066794
0.084241
0.066145
0.083482
0.078367
0.067137
0.066546
0.066901
0.079350
0.067763
0.078940
0.084324
0.067663
0.079576
0.079010
0.080263
0.078613
0.075804
0.067089
0.067158
0.068117
0.078854
0.067068
0.104741
0.067105
0.066981
0.067536
0.066962
0.066847
0.079911
0.081850
0.066996
0.066983
0.077556
0.067869
0.067811
0.067235
0.083287
0.077910
0.072663
0.068513
0.067518
0.078936
0.078014
0.078669
0.078394
0.078381
0.078372
0.070380
0.070525
0.069765
0.079222
0.080204
0.088805
0.067997
0.078923
0.088580
0.077856
0.082730
0.078792
0.078843
0.077436
0.077341
0.078257
