0.035875
0.035138
0.034284
0.034315
0.034347
0.034343
0.034882
0.035693
0.034308
0.034420
0.034862
0.034265
0.034349
0.034712
0.035830
0.034363
0.034275
0.034292
0.035420
0.034307
0.034340
0.034324
0.034258
0.034396
0.034514
0.034622
0.035716
0.034308
0.034404
0.034437
0.034417
0.034307
0.034320
0.034283
0.034369
0.034641
0.035223
0.035811
0.025039
0.024261
0.024457
0.034752
0.034737
0.034995
0.034273
0.034831
0.034634
0.034615
0.034224
0.034391
0.034377
0.034874
0.034279
0.034264
0.034335
0.034290
0.027151
0.034314
0.034263
0.034622
0.034241
0.034392
0.034266
0.034431
0.034436
0.034266
0.034274
0.035177
0.034305
0.035041
0.034436
0.034417
0.034485
0.034301
0.034351
0.035060
0.034443
0.034528
0.034447
0.034425
0.035411
0.034301
0.034406
0.034408
0.034302
0.035847
0.034490
0.034404
0.034374
0.034444
0.034438
0.034286
0.034279
0.034293
0.034323
0.034525
0.035186
0.034405
0.034545
0.035815
