0.050339
0.048916
0.049916
0.049006
0.048526
0.048461
0.050016
0.048499
0.043898
0.049805
0.052537
0.048568
0.048724
0.048644
0.048542
0.048537
0.048622
0.040298
0.039604
0.048645
0.049596
0.048629
0.051368
0.048572
0.049523
0.048610
0.050638
0.049698
0.051885
0.048968
0.050660
0.051039
0.051443
0.052702
0.052696
0.049623
0.048509
0.048453
0.049765
0.049430
0.048541
0.049175
0.049568
0.048940
0.048744
0.048706
0.048827
0.049713
0.050515
0.050181
0.049151
0.048947
0.048670
0.048526
0.048522
0.049934
0.049800
0.048843
0.048385
0.021622
0.048809
0.051404
0.050136
0.048900
0.048724
0.056166
0.050293
0.049886
0.049539
0.048585
0.048555
0.048675
0.048364
0.048230
0.048525
0.048447
0.048547
0.048533
0.049202
0.048729
0.048546
0.048717
0.049073
0.048628
0.048910
0.049093
0.048462
0.049800
0.048518
0.049850
0.050291
0.050412
0.051715
0.048863
0.049015
0.048514
0.048439
0.048638
0.048586
0.048608
