0.037112
0.036911
0.037047
0.036896
0.035496
0.037238
0.036751
0.037354
0.036995
0.038312
0.036821
0.036819
0.036906
0.036805
0.036768
0.036792
0.036997
0.037254
0.037654
0.028704
0.035003
0.036831
0.036849
0.036909
0.036787
0.036948
0.038107
0.036826
0.036818
0.036837
0.032650
0.037935
0.036867
0.036808
0.036781
0.036759
0.036835
0.036847
0.037752
0.037261
0.036894
0.037100
0.034470
0.036861
0.037040
0.036830
0.036879
0.037668
0.036919
0.036850
0.037024
0.036832
0.036853
0.037256
0.036966
0.036868
0.037356
0.036973
0.036941
0.012608
0.037286
0.037093
0.039301
0.037695
0.037169
0.038275
0.037082
0.037110
0.037747
0.028007
0.037090
0.036864
0.036815
0.037921
0.037121
0.037373
0.036834
0.037365
0.034741
0.036817
0.036708
0.037680
0.036815
0.037766
0.036814
0.036783
0.036786
0.036822
0.036750
0.036761
0.036828
0.036869
0.036809
0.036850
0.036879
0.036887
0.038485
0.038182
0.034537
0.036825
