0.032497
0.033269
0.033353
0.033100
0.032399
0.032414
0.022426
0.033491
0.033251
0.032378
0.032371
0.033266
0.032389
0.032856
0.032762
0.023607
0.032441
0.032695
0.033381
0.032454
0.032985
0.032586
0.033519
0.032454
0.032402
0.032538
0.032456
0.032836
0.032805
0.033068
0.032419
0.032468
0.032891
0.032409
0.033181
0.032395
0.033741
0.032566
0.032520
0.032632
0.032517
0.033211
0.032448
0.032450
0.032506
0.033407
0.032404
0.032683
0.032440
0.034359
0.032643
0.032413
0.033302
0.032423
0.033145
0.032442
0.033142
0.032400
0.032595
0.032381
0.032947
0.033262
0.032462
0.032432
0.032721
0.034323
0.032265
0.032607
0.033016
0.034116
0.032657
0.032660
0.032418
0.032705
0.032445
0.032873
0.032407
0.032404
0.032404
0.032812
0.032377
0.032398
0.032389
0.032841
0.032365
0.032601
0.032479
0.032413
0.032393
0.032965
0.034134
0.032608
0.034543
0.032482
0.032621
0.032439
0.033600
0.032450
0.032393
0.034279
