0.044105
0.040580
0.039944
0.039923
0.040705
0.040059
0.040226
0.040654
0.040035
0.040287
0.041011
0.039989
0.039981
0.039931
0.040213
0.039982
0.039912
0.039914
0.039999
0.040004
0.040644
0.039945
0.040597
0.039910
0.039922
0.033704
0.033039
0.041409
0.039933
0.039916
0.039927
0.039832
0.040266
0.040084
0.040766
0.040379
0.039906
0.039909
0.042372
0.033274
0.030407
0.030885
0.029909
0.039947
0.040593
0.040031
0.040127
0.052581
0.040200
0.041502
0.040164
0.039970
0.039869
0.040818
0.040017
0.039868
0.040412
0.053491
0.039962
0.085826
0.039952
0.039959
0.039988
0.039924
0.041533
0.039945
0.040562
0.032976
0.040845
0.040442
0.040028
0.040584
0.041665
0.039946
0.040680
0.040585
0.040371
0.039955
0.040732
0.040126
0.040053
0.039911
0.039912
0.033533
0.040019
0.034351
0.040545
0.039996
0.039885
0.041336
0.031785
0.040913
0.040171
0.040469
0.040125
0.039940
0.039877
0.040332
0.041002
0.039934
