0.068827
0.067893
0.070268
0.076586
0.070629
0.074857
0.068545
0.069119
0.071782
0.068466
0.079638
0.068793
0.068284
0.069538
0.068520
0.060190
0.060587
0.067564
0.068606
0.068827
0.068492
0.068523
0.069411
0.068769
0.073007
0.069099
0.068247
0.069165
0.070638
0.059801
0.070987
0.068829
0.070489
0.069031
0.067895
0.071795
0.070307
0.070077
0.068387
0.069963
0.070257
0.070121
0.071194
0.071091
0.069715
0.068372
0.071518
0.068398
0.068028
0.071028
0.068788
0.068381
0.068465
0.067367
0.068018
0.069746
0.070179
0.067513
0.069428
0.074638
0.069109
0.066862
0.068454
0.078520
0.068739
0.069081
0.067927
0.068289
0.068738
0.068080
0.070776
0.066516
0.068499
0.068493
0.068083
0.068676
0.068660
0.068428
0.068534
0.074647
0.071540
0.070374
0.071060
0.068759
0.068104
0.068125
0.067296
0.069041
0.075725
0.070836
0.068089
0.068333
0.067918
0.068101
0.070145
0.069309
0.068259
0.068178
0.068270
0.072200
