0.053899
0.054633
0.057142
0.054917
0.054394
0.055681
0.057513
0.054943
0.054226
0.055309
0.054185
0.056033
0.055151
0.054567
0.054347
0.043774
0.054075
0.054314
0.055926
0.054134
0.054506
0.053908
0.053844
0.054103
0.054678
0.054583
0.056156
0.054105
0.054486
0.054181
0.055253
0.054646
0.056365
0.055397
0.055656
0.058957
0.054326
0.054653
0.059851
0.056944
0.043725
0.053830
0.053967
0.057961
0.055507
0.054165
0.054135
0.054058
0.054072
0.054342
0.053964
0.054357
0.053909
0.054492
0.054153
0.053839
0.054574
0.043534
0.054199
0.103275
0.054299
0.054893
0.055863
0.056240
0.055250
0.054252
0.054039
0.056082
0.054188
0.053858
0.053805
0.054024
0.053946
0.053979
0.056710
0.056472
0.053962
0.055431
0.053839
0.053831
0.054860
0.055007
0.060177
0.054169
0.058711
0.054041
0.053898
0.054907
0.055277
0.054815
0.055158
0.055084
0.056476
0.054449
0.044099
0.055783
0.055415
0.053808
0.054208
0.054850
