0.044502
0.046285
0.044043
0.044164
0.045738
0.044427
0.044500
0.044060
0.043884
0.045167
0.043793
0.044238
0.044389
0.045192
0.043953
0.046867
0.043892
0.043810
0.043822
0.044233
0.044275
0.043764
0.044501
0.044363
0.044296
0.043874
0.044133
0.043691
0.044039
0.044687
0.045034
0.046052
0.045717
0.043746
0.043794
0.044293
0.044708
0.044148
0.043926
0.043897
0.043882
0.043969
0.044116
0.044394
0.043824
0.044997
0.044257
0.043920
0.044068
0.044227
0.043935
0.043842
0.043737
0.043666
0.044117
0.043883
0.043810
0.043750
0.044983
0.053415
0.043710
0.043638
0.045423
0.044840
0.045100
0.044432
0.045041
0.045047
0.044346
0.043867
0.043833
0.043727
0.043592
0.044365
0.044436
0.044504
0.044588
0.044235
0.044150
0.043999
0.044079
0.044437
0.044061
0.044714
0.044297
0.043923
0.043807
0.043797
0.044660
0.043852
0.045356
0.044317
0.044659
0.045240
0.044462
0.043873
0.044749
0.045109
0.044563
0.043887
