0.060627
0.060671
0.060630
0.062627
0.061358
0.062193
0.062655
0.060606
0.061848
0.061171
0.060745
0.060578
0.060960
0.062714
0.061241
0.062227
0.060707
0.063062
0.062269
0.062729
0.060541
0.060879
0.060497
0.061051
0.062666
0.060779
0.060481
0.061711
0.060740
0.061902
0.060969
0.061485
0.061619
0.060663
0.061913
0.061865
0.060975
0.061806
0.061126
0.060689
0.059436
0.050557
0.050370
0.060706
0.060600
0.061820
0.069560
0.060824
0.060679
0.060718
0.062036
0.061390
0.061088
0.060848
0.061059
0.062442
0.062612
0.060559
0.060607
0.066938
0.066424
0.072555
0.062265
0.061309
0.060958
0.061833
0.060896
0.060794
0.060817
0.070130
0.061101
0.066807
0.061152
0.065391
0.060609
0.060650
0.071274
0.060736
0.062059
0.060972
0.060612
0.061796
0.060514
0.060496
0.060490
0.060420
0.060490
0.063366
0.060991
0.071016
0.070059
0.061294
0.060867
0.061021
0.061102
0.060491
0.060708
0.060135
0.061171
0.060678
