0.031931
0.032344
0.031862
0.031885
0.031926
0.032388
0.031951
0.031885
0.031971
0.032073
0.030534
0.035400
0.031876
0.031958
0.031953
0.031896
0.034984
0.032850
0.032319
0.032342
0.031813
0.031899
0.031986
0.031958
0.031905
0.031845
0.031959
0.032483
0.031894
0.031969
0.031955
0.032017
0.031888
0.031971
0.033203
0.032554
0.031920
0.031872
0.032437
0.031922
0.031891
0.031884
0.031940
0.031850
0.034600
0.031912
0.031869
0.031832
0.031877
0.031928
0.031990
0.031807
0.031769
0.031916
0.031855
0.031834
0.031959
0.031871
0.033249
0.040634
0.031993
0.033695
0.031954
0.032374
0.034276
0.031921
0.031827
0.033639
0.031938
0.031908
0.031901
0.032477
0.031859
0.031821
0.031925
0.031895
0.031889
0.032766
0.033280
0.032438
0.032307
0.031984
0.032754
0.031843
0.032039
0.032360
0.031951
0.032788
0.034254
0.032760
0.032020
0.031957
0.031855
0.031893
0.031903
0.031870
0.032692
0.032222
0.031955
0.031845
