0.031705
0.041517
0.032887
0.041494
0.041464
0.031858
0.032638
0.041551
0.032518
0.031618
0.041506
0.041659
0.032036
0.041513
0.041487
0.041466
0.032657
0.041488
0.031539
0.031748
0.035235
0.032531
0.031788
0.031811
0.031842
0.032559
0.031781
0.041544
0.041496
0.041487
0.041527
0.041498
0.041601
0.031834
0.047704
0.032450
0.041502
0.041450
0.033082
0.032280
0.041454
0.041466
0.034967
0.041519
0.041524
0.041511
0.041554
0.041503
0.041524
0.041587
0.041490
0.032820
0.031747
0.041598
0.033192
0.041511
0.031757
0.041774
0.034408
0.020539
0.037944
0.041543
0.041455
0.041510
0.041509
0.032811
0.041491
0.033701
0.032379
0.041523
0.032206
0.041526
0.031666
0.031916
0.041511
0.033475
0.041521
0.041611
0.041469
0.041450
0.032542
0.032461
0.026422
0.031900
0.041494
0.041529
0.041502
0.033026
0.041503
0.041499
0.031382
0.031385
0.031385
0.032028
0.031427
0.031395
0.041597
0.033288
0.041601
0.041584
