0.031695
0.032404
0.031846
0.031670
0.031806
0.032398
0.031652
0.031802
0.031735
0.031687
0.031680
0.031735
0.031744
0.031769
0.031654
0.031758
0.031698
0.031648
0.032407
0.031700
0.031649
0.031623
0.034466
0.031694
0.031693
0.031694
0.031637
0.031649
0.031639
0.032153
0.032197
0.033059
0.032048
0.037207
0.037366
0.032093
0.031676
0.032473
0.031676
0.031653
0.031677
0.031658
0.032108
0.031632
0.031659
0.031641
0.031688
0.032072
0.031682
0.031708
0.031720
0.031769
0.031744
0.031667
0.031810
0.031665
0.031647
0.035555
0.032067
0.031617
0.031690
0.031656
0.031661
0.031618
0.031695
0.031618
0.031675
0.032122
0.031885
0.032563
0.032167
0.031718
0.031686
0.031680
0.034594
0.031676
0.031667
0.031722
0.031717
0.032245
0.032187
0.031636
0.033150
0.031804
0.031706
0.031711
0.032180
0.032195
0.032159
0.031723
0.031645
0.031704
0.031633
0.031640
0.033988
0.031718
0.031713
0.032339
0.031643
0.031851
