0.031727
0.031703
0.031726
0.031673
0.031719
0.032720
0.031772
0.033139
0.031842
0.031719
0.031775
0.031730
0.031778
0.031615
0.031729
0.032892
0.032350
0.032379
0.031687
0.032326
0.031818
0.033023
0.033456
0.031753
0.031726
0.032332
0.031764
0.031691
0.031602
0.031752
0.031692
0.032226
0.031799
0.031722
0.031809
0.031803
0.031671
0.032002
0.031769
0.031732
0.031694
0.031689
0.031667
0.033567
0.031754
0.035155
0.032453
0.031722
0.031741
0.031786
0.031813
0.031717
0.031721
0.031773
0.032264
0.031801
0.031793
0.034569
0.031756
0.033598
0.035159
0.032765
0.031750
0.031752
0.031948
0.031710
0.031683
0.031774
0.031764
0.031754
0.031917
0.031749
0.031697
0.031838
0.032010
0.032176
0.035224
0.031760
0.032895
0.031759
0.031787
0.033692
0.031702
0.031727
0.031731
0.031710
0.031698
0.031769
0.031682
0.031707
0.031693
0.031685
0.031944
0.031986
0.033682
0.031733
0.031688
0.032158
0.031681
0.033084
