0.031983
0.041514
0.041454
0.047157
0.031645
0.031650
0.041433
0.041432
0.041454
0.032321
0.041466
0.032075
0.041413
0.041421
0.031682
0.031667
0.041472
0.041415
0.041387
0.041481
0.041409
0.031654
0.032126
0.041429
0.041420
0.041474
0.041490
0.034382
0.041402
0.041547
0.031669
0.041471
0.041442
0.041429
0.034485
0.041473
0.032257
0.041432
0.041448
0.041425
0.041435
0.033004
0.041508
0.041389
0.041489
0.031669
0.041441
0.041423
0.041577
0.041508
0.041416
0.037917
0.031653
0.041459
0.032562
0.041811
0.032232
0.038273
0.041427
0.020601
0.041421
0.041439
0.041448
0.041358
0.041419
0.041420
0.041401
0.041441
0.041474
0.041452
0.041465
0.041463
0.041427
0.041439
0.041634
0.041484
0.041451
0.041428
0.041401
0.041465
0.041462
0.031701
0.041414
0.041413
0.041433
0.041474
0.041388
0.041379
0.031628
0.041393
0.032184
0.041381
0.041389
0.041412
0.041432
0.031678
0.041399
0.031662
0.041426
0.041416
