0.031780
0.041603
0.031577
0.041574
0.041629
0.041525
0.031880
0.041660
0.041780
0.041600
0.041565
0.041538
0.041551
0.041594
0.041579
0.041441
0.031539
0.041577
0.041505
0.041591
0.041536
0.041567
0.041566
0.041525
0.041560
0.041524
0.041498
0.041519
0.032418
0.031609
0.041569
0.041587
0.041596
0.041524
0.041546
0.041527
0.031894
0.041543
0.031559
0.041615
0.035194
0.041573
0.031776
0.041533
0.041657
0.034011
0.031600
0.041508
0.034776
0.032334
0.032352
0.041551
0.041525
0.041560
0.041579
0.041584
0.034260
0.022697
0.032857
0.020617
0.041600
0.031582
0.041635
0.031953
0.038092
0.033916
0.032483
0.031541
0.032560
0.041556
0.041541
0.041583
0.031905
0.031581
0.031647
0.031645
0.041648
0.041578
0.041532
0.031623
0.032080
0.031569
0.033440
0.034340
0.041594
0.033268
0.033566
0.031603
0.041712
0.031905
0.041555
0.041541
0.031592
0.031651
0.041565
0.041552
0.032005
0.041587
0.041547
0.031553
