0.031896
0.032799
0.021867
0.033627
0.032083
0.033250
0.031781
0.031717
0.032326
0.032273
0.032052
0.031825
0.033923
0.032273
0.032489
0.037038
0.037824
0.034713
0.031750
0.032276
0.031797
0.031718
0.031735
0.031863
0.031772
0.031735
0.031726
0.034938
0.031670
0.032948
0.031795
0.031798
0.031755
0.031908
0.032275
0.031788
0.031749
0.031756
0.031871
0.032259
0.031797
0.031751
0.031768
0.031826
0.031801
0.031743
0.031771
0.031804
0.031830
0.031894
0.031863
0.031819
0.031771
0.032497
0.031785
0.031731
0.031772
0.032573
0.031756
0.020518
0.031813
0.033180
0.031937
0.031765
0.031859
0.031777
0.035440
0.035423
0.031990
0.032663
0.031878
0.034742
0.031828
0.031767
0.033755
0.031923
0.033311
0.034106
0.032787
0.031878
0.032796
0.031750
0.032243
0.031732
0.033823
0.031837
0.031767
0.031733
0.031765
0.031802
0.031797
0.032628
0.031904
0.032558
0.031854
0.031776
0.032026
0.038937
0.032492
0.031699
