0.031684
0.041573
0.032358
0.032127
0.031627
0.031619
0.031648
0.031580
0.032467
0.031675
0.033144
0.031632
0.031630
0.031587
0.031717
0.031594
0.032205
0.033997
0.032588
0.041614
0.031671
0.031563
0.031576
0.031577
0.031546
0.031585
0.031656
0.032502
0.031887
0.031567
0.031692
0.031591
0.032143
0.031649
0.031583
0.031608
0.032275
0.031545
0.031570
0.031642
0.032757
0.031645
0.031553
0.034102
0.031635
0.031594
0.031575
0.031995
0.031601
0.031590
0.031543
0.031559
0.041637
0.032000
0.031592
0.041597
0.031579
0.031576
0.031655
0.036385
0.022725
0.021667
0.031782
0.031598
0.031554
0.031538
0.041633
0.031566
0.031585
0.031685
0.031640
0.032786
0.031670
0.031653
0.034361
0.031791
0.032484
0.031751
0.031609
0.022665
0.041634
0.031625
0.031630
0.031639
0.031582
0.031607
0.032494
0.031882
0.031603
0.031691
0.031587
0.032405
0.031594
0.031662
0.031712
0.031788
0.031609
0.041572
0.041532
0.032146
