0.041413
0.031747
0.032535
0.041378
0.034092
0.041483
0.041437
0.041446
0.041302
0.032450
0.041327
0.041368
0.033786
0.032953
0.035216
0.041353
0.041302
0.041313
0.041324
0.041349
0.041335
0.032060
0.041330
0.034886
0.032193
0.041383
0.041359
0.041447
0.041507
0.035052
0.031591
0.041472
0.041406
0.041364
0.041408
0.041393
0.041305
0.041369
0.041354
0.041386
0.041336
0.041343
0.041584
0.041414
0.032350
0.041373
0.041336
0.041468
0.031942
0.041456
0.034604
0.033288
0.033235
0.041359
0.041377
0.041403
0.032383
0.033567
0.032628
0.032042
0.041361
0.031559
0.041376
0.031543
0.031575
0.041574
0.031540
0.041307
0.041374
0.032099
0.041338
0.041372
0.041324
0.031657
0.041354
0.041456
0.041428
0.041364
0.041504
0.041394
0.041369
0.041609
0.041386
0.041368
0.041321
0.041473
0.031614
0.031565
0.041451
0.041368
0.041350
0.041366
0.041416
0.041351
0.041409
0.041362
0.041329
0.031552
0.041343
0.041386
