0.041347
0.041406
0.041578
0.041877
0.041318
0.041308
0.041354
0.041326
0.032232
0.041322
0.041309
0.041289
0.041443
0.041552
0.033228
0.034095
0.041313
0.032897
0.033419
0.041505
0.041271
0.041294
0.041308
0.033265
0.041319
0.041310
0.041273
0.041576
0.041283
0.041302
0.041275
0.033149
0.041430
0.041297
0.041293
0.041348
0.034840
0.041339
0.041333
0.041312
0.041373
0.031999
0.041550
0.032164
0.041310
0.032481
0.033350
0.041337
0.041322
0.033490
0.041289
0.041257
0.041241
0.041499
0.041386
0.041305
0.041259
0.041567
0.032419
0.041321
0.031614
0.034895
0.041290
0.034663
0.036078
0.041366
0.033255
0.041298
0.041563
0.033884
0.041569
0.041348
0.041329
0.032092
0.032107
0.041324
0.041320
0.041323
0.041369
0.041340
0.034082
0.031910
0.032489
0.042198
0.032949
0.041381
0.041305
0.041547
0.032375
0.032010
0.033631
0.033479
0.032903
0.041310
0.032078
0.032510
0.041420
0.041529
0.041484
0.041394
