0.052528
0.043986
0.042935
0.053244
0.052554
0.052722
0.052594
0.052534
0.043855
0.044739
0.044616
0.043814
0.052608
0.052701
0.052620
0.042700
0.052591
0.042852
0.042776
0.052495
0.042734
0.052559
0.052554
0.052709
0.042702
0.052656
0.052621
0.052550
0.052670
0.044220
0.044256
0.052956
0.052612
0.052692
0.046225
0.042870
0.044664
0.043034
0.052627
0.052590
0.052566
0.052640
0.052517
0.052550
0.052531
0.052425
0.052460
0.052421
0.052823
0.052477
0.052490
0.044462
0.052724
0.043008
0.052499
0.052549
0.052505
0.042958
0.053059
0.020603
0.052630
0.043841
0.045787
0.043770
0.054573
0.052612
0.042968
0.052505
0.042927
0.052555
0.052515
0.043225
0.052553
0.043820
0.052616
0.043509
0.052506
0.043004
0.043384
0.042718
0.043639
0.052937
0.043427
0.052633
0.052392
0.043580
0.052573
0.043359
0.043856
0.043605
0.042673
0.042691
0.052663
0.052513
0.043425
0.043854
0.052543
0.052510
0.044385
0.048090
