0.105986
0.105504
0.104735
0.104445
0.104104
0.105574
0.106271
0.108891
0.103608
0.104461
0.105188
0.103242
0.104413
0.104249
0.104327
0.104230
0.103886
0.104614
0.105166
0.104354
0.104716
0.105844
0.106225
0.105270
0.113668
0.102351
0.105878
0.107652
0.104626
0.106618
0.104232
0.105790
0.107331
0.101302
0.108214
0.103718
0.106161
0.108300
0.105050
0.107040
0.108098
0.107399
0.105960
0.111430
0.088823
0.105876
0.105360
0.105234
0.105530
0.105006
0.104936
0.104790
0.116458
0.107084
0.105587
0.104009
0.109874
0.107956
0.105223
0.168015
0.106236
0.110159
0.104350
0.105516
0.108637
0.104342
0.104788
0.104706
0.106934
0.106588
0.105758
0.104530
0.105600
0.104919
0.104622
0.106335
0.105009
0.097035
0.104474
0.104000
0.101003
0.104263
0.105201
0.105741
0.111838
0.109189
0.105239
0.109417
0.105220
0.105056
0.104534
0.104867
0.105165
0.104503
0.104789
0.104424
0.106687
0.106202
0.107925
0.105801
