0.052629
0.052596
0.042848
0.042952
0.042925
0.052607
0.043300
0.052681
0.043062
0.052598
0.052595
0.052530
0.052600
0.052578
0.052570
0.052549
0.043054
0.052702
0.043509
0.044207
0.052625
0.052535
0.052465
0.052469
0.043585
0.052704
0.043003
0.052564
0.043064
0.052548
0.043495
0.052530
0.042763
0.043607
0.052566
0.043337
0.052689
0.043707
0.043419
0.052647
0.052856
0.052522
0.043953
0.053000
0.052467
0.052671
0.052503
0.052460
0.052555
0.052467
0.052532
0.052471
0.052970
0.052547
0.042723
0.052625
0.042953
0.043453
0.042755
0.047715
0.052475
0.052542
0.052534
0.054359
0.043363
0.052849
0.042875
0.043671
0.043241
0.043137
0.042772
0.052493
0.052553
0.042904
0.043349
0.042764
0.052490
0.052696
0.052543
0.052583
0.046097
0.042676
0.042758
0.043376
0.052548
0.043458
0.052544
0.042934
0.043916
0.052505
0.042911
0.042822
0.043467
0.043044
0.043546
0.055883
0.052743
0.043276
0.045545
0.043489
