0.055195
0.065784
0.066781
0.075884
0.065862
0.068537
0.074771
0.066428
0.067963
0.076126
0.065767
0.065747
0.066740
0.066064
0.065711
0.066289
0.065892
0.066221
0.066413
0.067340
0.067526
0.066295
0.065605
0.066817
0.085243
0.065947
0.076192
0.065694
0.065366
0.066091
0.065999
0.065442
0.065441
0.063338
0.066102
0.065850
0.065432
0.067562
0.065773
0.067836
0.066506
0.069742
0.065591
0.065603
0.065474
0.073473
0.073316
0.065637
0.066131
0.065559
0.065443
0.065794
0.065313
0.065406
0.066049
0.065716
0.068483
0.070493
0.066341
0.063074
0.066529
0.065664
0.065781
0.068088
0.067000
0.065718
0.071679
0.065441
0.065291
0.065505
0.065793
0.065507
0.065392
0.063689
0.066069
0.067324
0.065944
0.065377
0.065272
0.066147
0.066556
0.067522
0.066678
0.055303
0.063792
0.066079
0.055241
0.065603
0.065884
0.066024
0.065432
0.055157
0.076595
0.066343
0.068121
0.071885
0.065243
0.066136
0.065554
0.066215
