0.125585
0.114006
0.122883
0.124915
0.127108
0.123345
0.112656
0.112095
0.121541
0.130775
0.120688
0.127797
0.122423
0.114160
0.123656
0.125851
0.122450
0.130450
0.121845
0.122948
0.114274
0.112632
0.122254
0.112335
0.112222
0.113033
0.112583
0.121161
0.113065
0.127032
0.122918
0.131649
0.122578
0.126370
0.112662
0.127332
0.114359
0.121210
0.121712
0.112069
0.122441
0.121214
0.112737
0.113731
0.113008
0.113186
0.126127
0.125950
0.126282
0.131660
0.111817
0.123199
0.114132
0.114446
0.121959
0.126209
0.122900
0.122590
0.112247
0.184652
0.121807
0.113027
0.112805
0.121705
0.121889
0.121478
0.123133
0.121682
0.112680
0.112869
0.112287
0.122742
0.112140
0.130319
0.112666
0.113125
0.124359
0.129177
0.119553
0.129603
0.132730
0.132791
0.122150
0.121328
0.122124
0.125132
0.114232
0.113919
0.121638
0.122500
0.121818
0.121593
0.122195
0.131050
0.122959
0.112759
0.113253
0.114663
0.122819
0.121526
