0.097948
0.098132
0.092407
0.087109
0.090096
0.091151
0.089370
0.089946
0.079239
0.090618
0.094664
0.092987
0.091605
0.090219
0.095912
0.092937
0.089702
0.095368
0.089206
0.078552
0.091760
0.090402
0.089961
0.089570
0.089983
0.089330
0.090022
0.091947
0.089949
0.088987
0.090148
0.090375
0.088636
0.090964
0.091309
0.092201
0.090415
0.092533
0.089956
0.089726
0.080219
0.079952
0.078949
0.089896
0.090951
0.092528
0.089791
0.097737
0.096884
0.089932
0.084897
0.090439
0.095403
0.091019
0.089807
0.089411
0.089527
0.088998
0.092555
0.111742
0.091497
0.091794
0.089406
0.090535
0.089374
0.090218
0.089926
0.089388
0.089590
0.092527
0.089961
0.089467
0.091936
0.090591
0.090800
0.091842
0.091338
0.089623
0.095202
0.090967
0.090508
0.089504
0.089468
0.090238
0.090046
0.091546
0.090316
0.089525
0.089366
0.100946
0.089630
0.089345
0.089551
0.090817
0.088876
0.091624
0.090193
0.089787
0.092555
0.089128
