0.049735
0.049112
0.049023
0.048963
0.048496
0.048926
0.048482
0.048381
0.049393
0.048575
0.050077
0.051958
0.048796
0.049538
0.048455
0.049217
0.049695
0.048666
0.051041
0.049145
0.048573
0.048857
0.048534
0.048584
0.050240
0.048777
0.048531
0.048969
0.051860
0.048406
0.048428
0.052311
0.050127
0.049443
0.052933
0.051688
0.050346
0.048646
0.049819
0.049125
0.049482
0.048886
0.048728
0.049277
0.049412
0.048725
0.048721
0.048580
0.048570
0.048735
0.048825
0.049303
0.049007
0.048743
0.048544
0.048591
0.048539
0.048589
0.048498
0.025657
0.049571
0.049337
0.050325
0.050914
0.048893
0.049382
0.049340
0.050975
0.049725
0.051708
0.049499
0.049322
0.051021
0.048746
0.050118
0.040357
0.048715
0.048622
0.048600
0.048774
0.049557
0.049544
0.052678
0.048479
0.048622
0.048536
0.049428
0.049896
0.049644
0.049925
0.050258
0.049925
0.048759
0.048838
0.048617
0.049897
0.049160
0.049091
0.049235
0.043103
