0.061088
0.056511
0.056578
0.056390
0.057515
0.056269
0.056162
0.056435
0.056372
0.056616
0.056753
0.059152
0.057867
0.056296
0.056172
0.061234
0.056558
0.056294
0.056095
0.056351
0.056658
0.056972
0.058470
0.058180
0.059638
0.056735
0.057026
0.056797
0.046173
0.046366
0.057098
0.056431
0.056676
0.057175
0.056864
0.057765
0.056453
0.057082
0.057425
0.057007
0.056480
0.056243
0.056302
0.056285
0.056168
0.058105
0.056328
0.056284
0.056440
0.056702
0.057349
0.056852
0.056559
0.057331
0.056302
0.057592
0.056528
0.055919
0.056404
0.061231
0.057109
0.057488
0.061487
0.057290
0.056775
0.056244
0.057708
0.057060
0.056348
0.056941
0.056402
0.056196
0.056433
0.056126
0.056119
0.057117
0.056214
0.056625
0.058158
0.058651
0.057612
0.060052
0.056334
0.056798
0.057718
0.057174
0.057152
0.056635
0.058078
0.056308
0.056483
0.056527
0.056494
0.056384
0.056360
0.057293
0.056253
0.056373
0.056280
0.056544
