0.037624
0.038426
0.037684
0.037919
0.037614
0.037727
0.037562
0.037583
0.037585
0.037719
0.038353
0.037878
0.029276
0.038617
0.038213
0.037753
0.037545
0.037649
0.038464
0.031623
0.037670
0.037588
0.037544
0.037586
0.037706
0.037954
0.038412
0.037615
0.037713
0.037713
0.038565
0.038126
0.037573
0.040857
0.037671
0.037650
0.037775
0.039908
0.037647
0.030331
0.038137
0.037600
0.038668
0.037799
0.037710
0.038351
0.037612
0.037546
0.037546
0.041396
0.037524
0.037692
0.037695
0.037550
0.037563
0.037648
0.037815
0.038056
0.037843
0.037593
0.037664
0.037585
0.038886
0.037600
0.037502
0.037608
0.037493
0.040175
0.037600
0.037523
0.037518
0.037510
0.037601
0.030093
0.037711
0.030703
0.038681
0.037702
0.037816
0.038060
0.037572
0.037600
0.037593
0.037808
0.037601
0.037597
0.037625
0.037702
0.037718
0.037850
0.038276
0.038273
0.037624
0.037560
0.037520
0.037533
0.036965
0.037682
0.038805
0.029267
