0.066227
0.077947
0.076597
0.066063
0.076563
0.065981
0.077036
0.066181
0.066922
0.078067
0.077350
0.066490
0.077840
0.066240
0.077441
0.078484
0.077071
0.066429
0.077034
0.077690
0.079996
0.066501
0.077016
0.077020
0.076814
0.077204
0.090673
0.077920
0.077104
0.077918
0.078495
0.076908
0.077736
0.079166
0.076698
0.076879
0.076956
0.066766
0.066209
0.077763
0.078368
0.076994
0.067074
0.078457
0.076962
0.077057
0.080062
0.076671
0.067587
0.079058
0.079022
0.076609
0.078826
0.077011
0.076652
0.076903
0.078741
0.066633
0.066345
0.092049
0.077094
0.066860
0.077212
0.076496
0.086988
0.066971
0.076556
0.079784
0.079303
0.082829
0.077569
0.066683
0.080239
0.082583
0.080918
0.082194
0.088984
0.066805
0.077761
0.066610
0.077730
0.066352
0.066412
0.066330
0.066393
0.078176
0.077945
0.079917
0.066811
0.076601
0.077820
0.077426
0.066674
0.078945
0.077759
0.079911
0.065992
0.076859
0.066580
0.066425
