0.033914
0.035684
0.035166
0.033794
0.034704
0.033818
0.033811
0.033901
0.034683
0.034558
0.033733
0.034227
0.034283
0.034216
0.033820
0.033965
0.034309
0.033903
0.033890
0.033929
0.033914
0.033936
0.033936
0.034112
0.034377
0.033780
0.035572
0.035485
0.034977
0.034328
0.034361
0.033970
0.033865
0.033913
0.033838
0.033899
0.034672
0.034073
0.034039
0.033841
0.034635
0.033935
0.033883
0.033798
0.034145
0.034470
0.034427
0.033941
0.033818
0.033851
0.033768
0.035368
0.034770
0.034472
0.033824
0.033813
0.033731
0.033798
0.034339
0.033809
0.034917
0.034236
0.033776
0.033813
0.033774
0.033906
0.033783
0.033820
0.033857
0.033850
0.034804
0.033834
0.033819
0.033791
0.034760
0.034791
0.033791
0.033827
0.034542
0.033747
0.033949
0.033805
0.033788
0.033739
0.033714
0.033778
0.034166
0.033824
0.033776
0.033779
0.033874
0.034877
0.033805
0.034467
0.034489
0.034217
0.033863
0.033880
0.033860
0.034645
