0.112540
0.114810
0.122825
0.122487
0.143226
0.133826
0.123746
0.125980
0.140767
0.118553
0.112486
0.113570
0.113892
0.112835
0.123718
0.124209
0.113599
0.115705
0.114070
0.113802
0.123122
0.122568
0.132778
0.114479
0.126411
0.114223
0.122654
0.126194
0.113926
0.122299
0.113072
0.113542
0.114062
0.125055
0.115501
0.122297
0.132206
0.115191
0.124636
0.123492
0.122601
0.120211
0.123080
0.114544
0.122652
0.113889
0.126474
0.122771
0.126381
0.112996
0.115128
0.112907
0.125385
0.122530
0.112887
0.112543
0.114218
0.115152
0.123840
0.063412
0.124876
0.114598
0.113690
0.124011
0.121746
0.112811
0.130905
0.112951
0.123176
0.127612
0.114702
0.130316
0.122419
0.113817
0.122523
0.129082
0.126813
0.130696
0.122924
0.113102
0.122936
0.131065
0.123194
0.113855
0.122470
0.122037
0.129324
0.114724
0.126598
0.122893
0.112614
0.122897
0.123302
0.114349
0.121925
0.122568
0.116860
0.123218
0.112872
0.113642
