0.067008
0.066372
0.066080
0.067352
0.066212
0.067242
0.065810
0.065605
0.066538
0.068144
0.072359
0.066838
0.065737
0.055237
0.065503
0.065471
0.066916
0.066963
0.066973
0.065860
0.066810
0.055362
0.066017
0.067604
0.067821
0.066315
0.065721
0.065622
0.065877
0.068699
0.066177
0.067150
0.067475
0.065692
0.067468
0.066984
0.066451
0.066936
0.066011
0.066385
0.065494
0.067686
0.065897
0.065665
0.066540
0.074397
0.065798
0.068794
0.065698
0.066071
0.063600
0.065769
0.055323
0.065648
0.065656
0.065934
0.066025
0.066733
0.068092
0.086789
0.066582
0.067003
0.067066
0.065830
0.066126
0.065786
0.067618
0.067960
0.067551
0.067467
0.066775
0.065883
0.068630
0.073668
0.067181
0.067045
0.066088
0.055474
0.066030
0.065872
0.066470
0.067011
0.068849
0.075992
0.074201
0.067181
0.075320
0.066319
0.066610
0.067183
0.066171
0.068374
0.066357
0.055090
0.065575
0.073144
0.065527
0.055426
0.065845
0.068346
