0.058214
0.057835
0.060176
0.058696
0.056527
0.056592
0.056519
0.056510
0.056413
0.056844
0.057281
0.056465
0.059533
0.056590
0.056477
0.056529
0.060544
0.057944
0.056418
0.056169
0.056756
0.056410
0.056322
0.056143
0.057407
0.058251
0.063456
0.056714
0.056491
0.056392
0.056620
0.058825
0.058152
0.059901
0.056511
0.056760
0.056937
0.056581
0.056627
0.058007
0.056764
0.056779
0.056434
0.056331
0.057597
0.056546
0.056201
0.057927
0.056401
0.056209
0.057446
0.056505
0.056807
0.056279
0.055099
0.056569
0.056430
0.057232
0.056430
0.131722
0.058437
0.059910
0.056799
0.056767
0.060091
0.056807
0.056595
0.057007
0.056747
0.056477
0.060950
0.057380
0.056517
0.056515
0.057622
0.056735
0.057064
0.056584
0.056573
0.056675
0.056832
0.057699
0.056444
0.063734
0.058564
0.057073
0.056399
0.057310
0.056352
0.056437
0.057199
0.056394
0.057382
0.056572
0.056310
0.056419
0.056796
0.056496
0.050378
0.056844
