0.106021
0.107679
0.113261
0.101164
0.104898
0.104591
0.105111
0.105203
0.104295
0.105145
0.104941
0.111796
0.104889
0.104745
0.096849
0.105620
0.114715
0.105352
0.106031
0.108533
0.105793
0.104153
0.105902
0.104476
0.104321
0.104511
0.104683
0.104485
0.104401
0.105252
0.104503
0.104619
0.105588
0.104946
0.107166
0.114849
0.108251
0.113332
0.108438
0.106015
0.113674
0.104853
0.104937
0.107891
0.109666
0.105404
0.104683
0.115526
0.113843
0.104394
0.112901
0.115358
0.104989
0.105093
0.107044
0.106123
0.105182
0.105147
0.105343
0.135810
0.106212
0.106991
0.104850
0.105324
0.113378
0.105657
0.105075
0.105558
0.103607
0.106303
0.106067
0.103425
0.105246
0.094860
0.097727
0.104854
0.108405
0.104858
0.104436
0.104768
0.104953
0.106536
0.106338
0.106817
0.105646
0.107699
0.105358
0.105297
0.106739
0.117622
0.112407
0.102389
0.108206
0.105861
0.099935
0.105794
0.105586
0.105031
0.106108
0.105612
