0.044637
0.046369
0.043466
0.052627
0.043196
0.042889
0.043612
0.052680
0.042702
0.043579
0.035046
0.052693
0.042699
0.043290
0.044177
0.043236
0.043225
0.052699
0.052541
0.052715
0.052659
0.042668
0.052665
0.044616
0.042738
0.043082
0.044257
0.042790
0.052692
0.042904
0.042738
0.052892
0.043909
0.052584
0.044681
0.052651
0.052606
0.052679
0.052683
0.052647
0.052737
0.043285
0.043251
0.052662
0.042696
0.052614
0.052732
0.042766
0.052691
0.052659
0.052624
0.052561
0.052590
0.052564
0.052593
0.043069
0.043064
0.052721
0.052635
0.076871
0.042727
0.052693
0.052622
0.042676
0.043403
0.052700
0.042769
0.044126
0.043068
0.052754
0.042957
0.052645
0.052695
0.052733
0.042711
0.042709
0.043479
0.043495
0.052689
0.052655
0.045732
0.042831
0.052725
0.052658
0.042749
0.043073
0.052739
0.052699
0.052601
0.052612
0.042728
0.042729
0.052677
0.042703
0.043588
0.042753
0.053116
0.043108
0.043093
0.043181
