0.089682
0.092969
0.089743
0.092059
0.091197
0.091361
0.093489
0.092065
0.089952
0.102484
0.089794
0.089775
0.092635
0.092474
0.089825
0.089726
0.099506
0.089547
0.089547
0.090788
0.091609
0.090569
0.091780
0.090941
0.093027
0.089880
0.090544
0.090784
0.089780
0.090816
0.090352
0.090383
0.089243
0.089761
0.091810
0.090317
0.090723
0.093352
0.092963
0.091619
0.089977
0.090098
0.088871
0.097458
0.089623
0.089982
0.089832
0.089730
0.090864
0.093515
0.090233
0.097526
0.090546
0.090003
0.089895
0.096377
0.089555
0.090002
0.090786
0.091251
0.089729
0.089776
0.090138
0.089864
0.096248
0.091008
0.090612
0.089856
0.091463
0.089859
0.091045
0.090629
0.089816
0.089703
0.089765
0.090308
0.090153
0.092489
0.089609
0.087295
0.093438
0.089648
0.090083
0.090730
0.090321
0.089812
0.089932
0.090215
0.091983
0.089798
0.086054
0.090082
0.093517
0.078224
0.092121
0.092614
0.090927
0.096020
0.090126
0.089771
