0.035144
0.037270
0.034026
0.034915
0.034235
0.035309
0.033903
0.033825
0.033879
0.034071
0.034847
0.034667
0.033866
0.033838
0.033852
0.033868
0.033876
0.033885
0.033811
0.033852
0.033909
0.033850
0.033858
0.033821
0.033811
0.034605
0.034042
0.033870
0.034809
0.034916
0.033844
0.033844
0.033872
0.033825
0.033801
0.034607
0.033880
0.034535
0.033928
0.033860
0.033897
0.033941
0.034056
0.034684
0.033971
0.034812
0.034685
0.033825
0.033861
0.033828
0.035253
0.034565
0.033866
0.033895
0.033842
0.034618
0.033867
0.033881
0.033834
0.033778
0.033838
0.033822
0.035046
0.034505
0.033790
0.034048
0.033788
0.034252
0.033831
0.033810
0.033873
0.033859
0.033899
0.033878
0.034289
0.033802
0.033834
0.033836
0.027531
0.034276
0.038133
0.033832
0.034259
0.033830
0.033871
0.034478
0.033881
0.033867
0.034753
0.033856
0.033838
0.033808
0.033836
0.033694
0.033927
0.033811
0.033814
0.034121
0.033865
0.033978
