0.036853
0.037726
0.036854
0.037244
0.037260
0.037205
0.037797
0.038834
0.037765
0.037089
0.036922
0.038038
0.036932
0.036866
0.036846
0.036892
0.037875
0.037762
0.032751
0.036956
0.037278
0.036862
0.036879
0.036811
0.037585
0.036906
0.036933
0.036925
0.037011
0.036903
0.037007
0.036843
0.037599
0.036817
0.036864
0.036866
0.036994
0.036964
0.037195
0.037835
0.039870
0.037893
0.038351
0.036875
0.037057
0.037083
0.036842
0.036855
0.037103
0.037273
0.037611
0.036919
0.036935
0.036935
0.037000
0.031549
0.037259
0.037286
0.036753
0.038262
0.037772
0.037631
0.036929
0.037033
0.036841
0.031454
0.037811
0.036836
0.031606
0.032790
0.036918
0.030031
0.036915
0.036970
0.036995
0.036821
0.036981
0.036930
0.037317
0.036837
0.033414
0.033833
0.037386
0.037202
0.030769
0.036876
0.037219
0.036881
0.037351
0.037368
0.037548
0.037251
0.027432
0.028350
0.026899
0.036946
0.037289
0.036808
0.036830
0.036918
