0.081108
0.080474
0.079505
0.086703
0.080203
0.086609
0.077328
0.067203
0.077934
0.078107
0.079056
0.088108
0.077460
0.077982
0.078740
0.084547
0.078289
0.075499
0.078386
0.077374
0.077962
0.077494
0.077442
0.078585
0.087116
0.086559
0.077617
0.077129
0.078284
0.066954
0.068780
0.081552
0.056427
0.077823
0.077248
0.078437
0.077234
0.079569
0.086152
0.079530
0.077572
0.078685
0.081478
0.078164
0.079054
0.078447
0.080273
0.078034
0.077271
0.078504
0.066969
0.077947
0.078034
0.077824
0.077694
0.079009
0.077155
0.088088
0.078658
0.020609
0.077856
0.082453
0.085951
0.079875
0.080048
0.079971
0.088073
0.078173
0.078064
0.077459
0.077752
0.082761
0.088131
0.077850
0.079173
0.077428
0.077356
0.077784
0.078154
0.078239
0.080058
0.084380
0.086602
0.086987
0.090084
0.077659
0.079321
0.079903
0.078154
0.080680
0.078540
0.077123
0.077062
0.078486
0.090601
0.079079
0.077808
0.078276
0.077772
0.077578
