0.048780
0.048740
0.049194
0.049113
0.051692
0.050316
0.049248
0.052781
0.049017
0.049018
0.049250
0.048751
0.048784
0.048889
0.048760
0.048741
0.048999
0.054822
0.049535
0.049222
0.048842
0.048806
0.048915
0.048790
0.048632
0.048931
0.048752
0.055726
0.049499
0.049308
0.048785
0.048775
0.048743
0.049238
0.048819
0.055190
0.049127
0.049047
0.049084
0.048886
0.050058
0.048992
0.048976
0.049147
0.050123
0.051215
0.049559
0.048818
0.048865
0.050060
0.050613
0.049368
0.051877
0.048942
0.049248
0.049014
0.050034
0.049862
0.048738
0.142906
0.048852
0.049045
0.049509
0.049654
0.048788
0.048817
0.048804
0.048974
0.049100
0.049109
0.050551
0.049764
0.049733
0.049032
0.041517
0.039673
0.042549
0.039847
0.048875
0.048741
0.050103
0.051647
0.049180
0.048926
0.050499
0.054745
0.050375
0.049565
0.049228
0.054161
0.050237
0.049685
0.048711
0.055157
0.048975
0.050655
0.049947
0.049352
0.049343
0.049438
